$ANSIBLE_VAULT;1.1;AES256
30313033313239666361666235613266373833626262353566613662393666313166633833323435
6438346236366534613839643065613738366633666138620a613138353533306138323764616639
64303534616238313930336233626631363530626233316633326139386339356665616261613661
6634653932363937610a663834666562383630333037646664636235653637306631326536336130
38356564616165383065646661313438633238656166376234356465356630323934616362393031
66616165396330393364336130316561623334316366643033323730323732313831396434363737
39356333386535336537323033623665353630323465313166653632393636643834386233633631
31346134653562643337336336643530633539633130386138623730316136353166353733356633
65303836393339396630323738616636653164323566343135326336326336613433333130633234
37313166336331343237316563333661366436376133393135346337363962383438333766363661
37386433306134343833366665656533656366326364323935393964366662356536336365363739
66376333666461373566336335396538313964323566653261373366386633333932363535633333
31323036323833386431323863383836623536343063323763343038303638333733633564313962
61613939666530633330636331623730386237376263313637353264333565663665303431613132
31373862386462316262643835313631343064373432376561383431623265626131656539393364
65353937336434643665353630663038636535306631353461333233333565343938323632323061
30323166376364396465626561313962636636386139666330633464336431333666613530656566
31323232663936323238623931383962363965303563623266353463323335323766323964363266
65326534323863363037653433306339363337303265386131326466666535616665656263396562
63366665636534396536643666626363613032643064653061323437653465333337323563316338
62643965646165623839613831623462386433626362633237346262616439613864636233333034
32306235666465663139653162346261346433393739303339303361616662626665363031666263
34646335383735373832316531303562393961396232326165623263653463376563653637366634
39313733323939653663376235393765336331333935303836613239333833323866306332643439
6336
